wait(2)

game.Players.LocalPlayer.Character.HumanoidRootPart.CFrame = CFrame.new(-566.128296, 92.8736115, 262.001495, -0.00928039011, 6.99468288e-08, -0.999956965, -2.48803875e-08, 1, 7.01807465e-08, 0.999956965, 2.55306212e-08, -0.00928039011)

wait(1)

game.Players.LocalPlayer.Character.HumanoidRootPart.CFrame = CFrame.new(-480.776184, 92.95121, 256.151489, -0.002096846, -7.5084877e-08, -0.999997795, -1.94113703e-08, 1, -7.50443405e-08, 0.999997795, 1.92539709e-08, -0.002096846)

wait(1)

game.Players.LocalPlayer.Character.HumanoidRootPart.CFrame = CFrame.new(-272.123901, 93.0215759, 353.514099, -0.00210371078, -5.98567382e-08, -0.999997795, -1.63812981e-08, 1, -5.98224048e-08, 0.999997795, 1.6255413e-08, -0.00210371078)

wait(1)

game.Players.LocalPlayer.Character.HumanoidRootPart.CFrame = CFrame.new(-207.281525, 178.587418, 492.416565, -0.994997263, -7.96012003e-08, 0.099902086, -7.89795891e-08, 1, 1.01772208e-08, -0.099902086, 2.23608154e-09, -0.994997263)

wait(1)

game.Players.LocalPlayer.Character.HumanoidRootPart.CFrame = CFrame.new(-199.239258, 244.587433, 494.466034, 0.869216383, 6.47216396e-08, -0.494431913, -5.53580861e-08, 1, 3.35809318e-08, 0.494431913, -1.81829318e-09, 0.869216383)

wait(1)

game.Players.LocalPlayer.Character.HumanoidRootPart.CFrame = CFrame.new(-279.858307, 356.419373, 356.561554, -0.0170979816, -2.87000663e-08, 0.99985379, 6.57725874e-09, 1, 2.88167374e-08, -0.99985379, 7.06900538e-09, -0.0170979816)

wait(1)

game.Players.LocalPlayer.Character.HumanoidRootPart.CFrame = CFrame.new(-459.714935, 432.458191, 335.029633, 0.99999994, 4.75849715e-09, -0.000365122396, -4.76073758e-09, 1, -6.13490458e-09, 0.000365122396, 6.13664231e-09, 0.99999994)

wait(1)

game.Players.LocalPlayer.Character.HumanoidRootPart.CFrame = CFrame.new(-456.175598, 500.458252, -34.560585, 0.999988854, 4.75160533e-09, -0.00472482294, -4.33881864e-09, 1, 8.73757955e-08, 0.00472482294, -8.73543229e-08, 0.999988854)

wait(1)

game.Players.LocalPlayer.Character.HumanoidRootPart.CFrame = CFrame.new(32.1929169, 671.957947, -196.124924, -0.0190911256, -8.06583458e-08, -0.999817729, -1.40118015e-08, 1, -8.04054991e-08, 0.999817729, 1.24742163e-08, -0.0190911256)

wait(1)

game.Players.LocalPlayer.Character.HumanoidRootPart.CFrame = CFrame.new(122.037262, 732.03595, 9.39270496, -0.999958634, 3.34410455e-09, 0.00909349881, 3.90346022e-09, 1, 6.14938642e-08, -0.00909349881, 6.15268192e-08, -0.999958634)

wait(1)

game.Players.LocalPlayer.Character.HumanoidRootPart.CFrame = CFrame.new(90.0490646, 834.03595, 271.213074, 0.0143234655, -1.04008024e-07, 0.99989742, 2.7303205e-08, 1, 1.03627585e-07, -0.99989742, 2.58160977e-08, 0.0143234655)

wait(1)

game.Players.LocalPlayer.Character.HumanoidRootPart.CFrame = CFrame.new(-301.538635, 969.43457, 271.115479, -0.0292927139, 7.81488509e-08, 0.999570906, -2.69081628e-08, 1, -7.89709489e-08, -0.999570906, -2.92098896e-08, -0.0292927139)
